#备忘
de2en:13  step_1430
en2de:33 step_3363

de2en en2de
这两个是原来预训练的结果
de2en_oldrl
基于原来预训练所做的rl
de2en_rl_1 en2de_rl_1
这两个是zero resource预训练做的rl，result存的这个
de2en_rl_old
这个是原来预训练的结果rl，改变lr进行训练实验，result_old存的是这个的结果

#预训练1的test2测试
en2de
/model_epoch_12999
0.2607034432861484
0.26271170108225733
0.26548146389960947
0.2678516494454142
0.26945457430542724
0.2703907168805661
0.2723706330389616
0.27294174688662376
0.27397729666741455
0.27519710395514
0.27529614301490324
0.27461373652870463

de2en
/model_epoch_15999
0.28680078064442527
0.2897831148587528
0.292520281943091
0.2929615101681387
0.2947291737049544
0.29743468971240505
0.29933362326251767
0.30075428949358957
0.3005895519000961
0.3006197070769003
0.3019407205768986
0.30213058431639067

#综上选择预训练2的以下结果进行test2测试
en2de
step-3000  13.2-14.3
0.1318204363724846
0.13488460499140373
0.14165870368547812
0.14292801903119784
0.13692016140480556
0.13582025770506687
0.12242504141931952
0.10825975479354996
0.1022686940460683
0.09565950810897657
0.08868337056878943
0.08588600509527823
step-8000 11.7-13.7
0.11734528032220815
0.12147141344179609
0.12270486226774298
0.1230147627771609
0.12697506481931956
0.12865577583567325
0.13115439850135707
0.13371118018129752
0.13617840824585958
0.1364332536929381
0.13662105613008413
0.13627016865027286
de2en 除当前结果还有两个比较好的
step_7000
0.2033236972025801
0.20600753590352466
0.20722113169118142
0.21086568133642952
0.21275190855347503
0.21283726203542686
0.21215595243102425
0.213998009808424
0.21464547067041562
0.21395001590736049
0.21390475812047807
0.21281939777965309
step_9000
0.1897227679531409
0.19392587564043012
0.197269241610876
0.1977535043306715
0.19883580305047477
0.20122667812111064
0.2044038490549524
0.20443027366962127
0.2044142569689747
0.20480466535181702
0.2045905777768359
0.20683318753241464

#预训练3
en2de
/step_15500
0.16407035462147265
0.16383801135995854
0.16359323633861325
0.1643311095509417
0.16390434374634621
0.1642697669996572
0.16536578126931187
0.1658969330078751
0.16585480024661126
0.16595936561334884
0.16661098217227324
0.16747768250091172

de2en
/step_12000
0.19930405727584483
0.19958259520753108
0.19950205259677303
0.19985083788971264
0.19986179602855558
0.20003448129490692
0.200848723884623
0.20105644589505975
0.20162027680718989
0.20163688404082752
0.2014357644249507
0.20149800243143687

